Index       TIME              V(IN)            V(IN1)            V(OUT)            V(VDD)            V(GATE)           V(OUT)            I(V_IN)          I(V_VDD)          I(R_LOAD)    
0        0.00000000e+00    0.00000000e+00    0.00000000e+00    0.00000000e+00    1.00000000e-01    1.00000000e+00    0.00000000e+00    0.00000000e+00    0.00000000e+00    0.00000000e+00
1        1.00000000e-11    0.00000000e+00    0.00000000e+00    0.00000000e+00    1.00000000e-01    1.00000000e+00    0.00000000e+00    0.00000000e+00    0.00000000e+00    0.00000000e+00
2        3.00000000e-11    0.00000000e+00    0.00000000e+00    0.00000000e+00    1.00000000e-01    1.00000000e+00    0.00000000e+00    0.00000000e+00    0.00000000e+00    0.00000000e+00
3        7.00000000e-11    0.00000000e+00    0.00000000e+00    0.00000000e+00    1.00000000e-01    1.00000000e+00    0.00000000e+00    0.00000000e+00    0.00000000e+00    0.00000000e+00
4        1.50000000e-10    0.00000000e+00    0.00000000e+00    0.00000000e+00    1.00000000e-01    1.00000000e+00    0.00000000e+00    0.00000000e+00    0.00000000e+00    0.00000000e+00
5        3.10000000e-10    0.00000000e+00    0.00000000e+00    0.00000000e+00    1.00000000e-01    1.00000000e+00    0.00000000e+00    0.00000000e+00    0.00000000e+00    0.00000000e+00
6        6.30000000e-10    0.00000000e+00    0.00000000e+00    0.00000000e+00    1.00000000e-01    1.00000000e+00    0.00000000e+00    0.00000000e+00    0.00000000e+00    0.00000000e+00
7        1.27000000e-09    0.00000000e+00    0.00000000e+00    0.00000000e+00    1.00000000e-01    1.00000000e+00    0.00000000e+00    0.00000000e+00    0.00000000e+00    0.00000000e+00
8        2.27000000e-09    0.00000000e+00    0.00000000e+00    0.00000000e+00    1.00000000e-01    1.00000000e+00    0.00000000e+00    0.00000000e+00    0.00000000e+00    0.00000000e+00
9        3.27000000e-09    0.00000000e+00    0.00000000e+00    0.00000000e+00    1.00000000e-01    1.00000000e+00    0.00000000e+00    0.00000000e+00    0.00000000e+00    0.00000000e+00
10       4.27000000e-09    0.00000000e+00    0.00000000e+00    0.00000000e+00    1.00000000e-01    1.00000000e+00    0.00000000e+00    0.00000000e+00    0.00000000e+00    0.00000000e+00
11       5.27000000e-09    0.00000000e+00    0.00000000e+00    0.00000000e+00    1.00000000e-01    1.00000000e+00    0.00000000e+00    0.00000000e+00    0.00000000e+00    0.00000000e+00
12       6.27000000e-09    0.00000000e+00    0.00000000e+00    0.00000000e+00    1.00000000e-01    1.00000000e+00    0.00000000e+00    0.00000000e+00    0.00000000e+00    0.00000000e+00
13       7.27000000e-09    0.00000000e+00    0.00000000e+00    0.00000000e+00    1.00000000e-01    1.00000000e+00    0.00000000e+00    0.00000000e+00    0.00000000e+00    0.00000000e+00
14       8.27000000e-09    0.00000000e+00    0.00000000e+00    0.00000000e+00    1.00000000e-01    1.00000000e+00    0.00000000e+00    0.00000000e+00    0.00000000e+00    0.00000000e+00
15       9.27000000e-09    0.00000000e+00    0.00000000e+00    0.00000000e+00    1.00000000e-01    1.00000000e+00    0.00000000e+00    0.00000000e+00    0.00000000e+00    0.00000000e+00
16       1.02700000e-08    0.00000000e+00    0.00000000e+00    0.00000000e+00    1.00000000e-01    1.00000000e+00    0.00000000e+00    0.00000000e+00    0.00000000e+00    0.00000000e+00
17       1.12700000e-08    0.00000000e+00    0.00000000e+00    0.00000000e+00    1.00000000e-01    1.00000000e+00    0.00000000e+00    0.00000000e+00    0.00000000e+00    0.00000000e+00
18       1.22700000e-08    0.00000000e+00    0.00000000e+00    0.00000000e+00    1.00000000e-01    1.00000000e+00    0.00000000e+00    0.00000000e+00    0.00000000e+00    0.00000000e+00
19       1.32700000e-08    0.00000000e+00    0.00000000e+00    0.00000000e+00    1.00000000e-01    1.00000000e+00    0.00000000e+00    0.00000000e+00    0.00000000e+00    0.00000000e+00
20       1.42700000e-08    0.00000000e+00    0.00000000e+00    0.00000000e+00    1.00000000e-01    1.00000000e+00    0.00000000e+00    0.00000000e+00    0.00000000e+00    0.00000000e+00
21       1.52700000e-08    0.00000000e+00    0.00000000e+00    0.00000000e+00    1.00000000e-01    1.00000000e+00    0.00000000e+00    0.00000000e+00    0.00000000e+00    0.00000000e+00
22       1.62700000e-08    0.00000000e+00    0.00000000e+00    0.00000000e+00    1.00000000e-01    1.00000000e+00    0.00000000e+00    0.00000000e+00    0.00000000e+00    0.00000000e+00
23       1.72700000e-08    0.00000000e+00    0.00000000e+00    0.00000000e+00    1.00000000e-01    1.00000000e+00    0.00000000e+00    0.00000000e+00    0.00000000e+00    0.00000000e+00
24       1.82700000e-08    0.00000000e+00    0.00000000e+00    0.00000000e+00    1.00000000e-01    1.00000000e+00    0.00000000e+00    0.00000000e+00    0.00000000e+00    0.00000000e+00
25       1.92700000e-08    0.00000000e+00    0.00000000e+00    0.00000000e+00    1.00000000e-01    1.00000000e+00    0.00000000e+00    0.00000000e+00    0.00000000e+00    0.00000000e+00
26       2.02700000e-08    0.00000000e+00    0.00000000e+00    0.00000000e+00    1.00000000e-01    1.00000000e+00    0.00000000e+00    0.00000000e+00    0.00000000e+00    0.00000000e+00
27       2.12700000e-08    0.00000000e+00    0.00000000e+00    0.00000000e+00    1.00000000e-01    1.00000000e+00    0.00000000e+00    0.00000000e+00    0.00000000e+00    0.00000000e+00
28       2.22700000e-08    0.00000000e+00    0.00000000e+00    0.00000000e+00    1.00000000e-01    1.00000000e+00    0.00000000e+00    0.00000000e+00    0.00000000e+00    0.00000000e+00
29       2.32700000e-08    0.00000000e+00    0.00000000e+00    0.00000000e+00    1.00000000e-01    1.00000000e+00    0.00000000e+00    0.00000000e+00    0.00000000e+00    0.00000000e+00
30       2.40000000e-08    0.00000000e+00    0.00000000e+00    0.00000000e+00    1.00000000e-01    1.00000000e+00    0.00000000e+00    0.00000000e+00    0.00000000e+00    0.00000000e+00
31       2.40000625e-08    5.00000000e-03    1.45011342e-03    0.00000000e+00    1.00000000e-01    1.00000000e+00    0.00000000e+00   -3.54988658e-06    0.00000000e+00    0.00000000e+00
32       2.40001875e-08    1.50000000e-02    7.54267922e-03    0.00000000e+00    1.00000000e-01    1.00000000e+00    0.00000000e+00   -7.45732078e-06    0.00000000e+00    0.00000000e+00
33       2.40003000e-08    2.40000000e-02    1.45161087e-02    0.00000000e+00    1.00000000e-01    1.00000000e+00    0.00000000e+00   -9.48389134e-06    0.00000000e+00    0.00000000e+00
34       2.40004125e-08    3.30000000e-02    2.20343135e-02    0.00000000e+00    1.00000000e-01    1.00000000e+00    0.00000000e+00   -1.09656865e-05    0.00000000e+00    0.00000000e+00
35       2.40006375e-08    5.10000000e-02    3.89543552e-02    0.00000000e+00    1.00000000e-01    1.00000000e+00    0.00000000e+00   -1.20456448e-05    0.00000000e+00    0.00000000e+00
36       2.40010875e-08    8.70000000e-02    7.47229237e-02    0.00000000e+00    1.00000000e-01    1.00000000e+00    0.00000000e+00   -1.22770763e-05    0.00000000e+00    0.00000000e+00
37       2.40015375e-08    1.23000000e-01    1.10766992e-01    0.00000000e+00    1.00000000e-01    1.00000000e+00    0.00000000e+00   -1.22330080e-05    0.00000000e+00    0.00000000e+00
38       2.40024375e-08    1.95000000e-01    1.82756442e-01    0.00000000e+00    1.00000000e-01    1.00000000e+00    0.00000000e+00   -1.22435575e-05    0.00000000e+00    0.00000000e+00
39       2.40042375e-08    3.39000000e-01    3.26762334e-01    0.00000000e+00    1.00000000e-01    1.00000000e+00    0.00000000e+00   -1.22376656e-05    0.00000000e+00    0.00000000e+00
40       2.40078375e-08    6.27000000e-01    6.14757700e-01    0.00000000e+00    1.00000000e-01    1.00000000e+00    0.00000000e+00   -1.22423002e-05    0.00000000e+00    0.00000000e+00
41       2.40100000e-08    8.00000000e-01    7.87761286e-01    0.00000000e+00    1.00000000e-01    1.00000000e+00    0.00000000e+00   -1.22387145e-05    0.00000000e+00    0.00000000e+00
42       2.40102178e-08    8.00000000e-01    7.94950170e-01    0.00000000e+00    1.00000000e-01    1.00000000e+00    0.00000000e+00   -5.04983000e-06    0.00000000e+00    0.00000000e+00
43       2.40103839e-08    8.00000000e-01    7.97578786e-01    0.00000000e+00    1.00000000e-01    1.00000000e+00    0.00000000e+00   -2.42121447e-06    0.00000000e+00    0.00000000e+00
44       2.40105501e-08    8.00000000e-01    7.99282484e-01    0.00000000e+00    1.00000000e-01    1.00000000e+00    0.00000000e+00   -7.17515560e-07    0.00000000e+00    0.00000000e+00
45       2.40108823e-08    8.00000000e-01    8.00029240e-01    0.00000000e+00    1.00000000e-01    1.00000000e+00    0.00000000e+00    2.92403504e-08    0.00000000e+00    0.00000000e+00
46       2.40115468e-08    8.00000000e-01    7.99988848e-01    0.00000000e+00    1.00000000e-01    1.00000000e+00    0.00000000e+00   -1.11517578e-08    0.00000000e+00    0.00000000e+00
47       2.40122113e-08    8.00000000e-01    8.00003769e-01    0.00000000e+00    1.00000000e-01    1.00000000e+00    0.00000000e+00    3.76882051e-09    0.00000000e+00    0.00000000e+00
48       2.40135403e-08    8.00000000e-01    7.99997226e-01    0.00000000e+00    1.00000000e-01    1.00000000e+00    0.00000000e+00   -2.77427219e-09    0.00000000e+00    0.00000000e+00
49       2.40161983e-08    8.00000000e-01    8.00001742e-01    0.00000000e+00    1.00000000e-01    1.00000000e+00    0.00000000e+00    1.74229977e-09    0.00000000e+00    0.00000000e+00
50       2.40215142e-08    8.00000000e-01    7.99997963e-01    0.00000000e+00    1.00000000e-01    1.00000000e+00    0.00000000e+00   -2.03676873e-09    0.00000000e+00    0.00000000e+00
51       2.40321462e-08    8.00000000e-01    8.00001425e-01    0.00000000e+00    1.00000000e-01    1.00000000e+00    0.00000000e+00    1.42512775e-09    0.00000000e+00    0.00000000e+00
52       2.40534100e-08    8.00000000e-01    7.99998111e-01    0.00000000e+00    1.00000000e-01    1.00000000e+00    0.00000000e+00   -1.88943460e-09    0.00000000e+00    0.00000000e+00
53       2.40959377e-08    8.00000000e-01    8.00001354e-01    0.00000000e+00    1.00000000e-01    1.00000000e+00    0.00000000e+00    1.35408605e-09    0.00000000e+00    0.00000000e+00
54       2.41809932e-08    8.00000000e-01    7.99998145e-01    0.00000000e+00    1.00000000e-01    1.00000000e+00    0.00000000e+00   -1.85456246e-09    0.00000000e+00    0.00000000e+00
55       2.43511040e-08    8.00000000e-01    8.00001337e-01    0.00000000e+00    1.00000000e-01    1.00000000e+00    0.00000000e+00    1.33678239e-09    0.00000000e+00    0.00000000e+00
56       2.46913257e-08    8.00000000e-01    7.99998154e-01    0.00000000e+00    1.00000000e-01    1.00000000e+00    0.00000000e+00   -1.84599780e-09    0.00000000e+00    0.00000000e+00
57       2.53717691e-08    8.00000000e-01    8.00001332e-01    0.00000000e+00    1.00000000e-01    1.00000000e+00    0.00000000e+00    1.33241303e-09    0.00000000e+00    0.00000000e+00
58       2.63717691e-08    8.00000000e-01    7.99998156e-01    0.00000000e+00    1.00000000e-01    1.00000000e+00    0.00000000e+00   -1.84372394e-09    0.00000000e+00    0.00000000e+00
59       2.73717691e-08    8.00000000e-01    8.00001330e-01    0.00000000e+00    1.00000000e-01    1.00000000e+00    0.00000000e+00    1.33031821e-09    0.00000000e+00    0.00000000e+00
60       2.83717691e-08    8.00000000e-01    7.99998158e-01    0.00000000e+00    1.00000000e-01    1.00000000e+00    0.00000000e+00   -1.84193367e-09    0.00000000e+00    0.00000000e+00
61       2.93717691e-08    8.00000000e-01    8.00001328e-01    0.00000000e+00    1.00000000e-01    1.00000000e+00    0.00000000e+00    1.32822568e-09    0.00000000e+00    0.00000000e+00
62       3.03717691e-08    8.00000000e-01    7.99998160e-01    0.00000000e+00    1.00000000e-01    1.00000000e+00    0.00000000e+00   -1.84014587e-09    0.00000000e+00    0.00000000e+00
63       3.13717691e-08    8.00000000e-01    8.00001326e-01    0.00000000e+00    1.00000000e-01    1.00000000e+00    0.00000000e+00    1.32613544e-09    0.00000000e+00    0.00000000e+00
64       3.23717691e-08    8.00000000e-01    7.99998162e-01    0.00000000e+00    1.00000000e-01    1.00000000e+00    0.00000000e+00   -1.83836053e-09    0.00000000e+00    0.00000000e+00
65       3.33717691e-08    8.00000000e-01    8.00001324e-01    0.00000000e+00    1.00000000e-01    1.00000000e+00    0.00000000e+00    1.32404747e-09    0.00000000e+00    0.00000000e+00
66       3.43717691e-08    8.00000000e-01    7.99998163e-01    0.00000000e+00    1.00000000e-01    1.00000000e+00    0.00000000e+00   -1.83657765e-09    0.00000000e+00    0.00000000e+00
67       3.53717691e-08    8.00000000e-01    8.00001322e-01    0.00000000e+00    1.00000000e-01    1.00000000e+00    0.00000000e+00    1.32196179e-09    0.00000000e+00    0.00000000e+00
68       3.63717691e-08    8.00000000e-01    7.99998165e-01    0.00000000e+00    1.00000000e-01    1.00000000e+00    0.00000000e+00   -1.83479723e-09    0.00000000e+00    0.00000000e+00
69       3.73717691e-08    8.00000000e-01    8.00001320e-01    0.00000000e+00    1.00000000e-01    1.00000000e+00    0.00000000e+00    1.31987838e-09    0.00000000e+00    0.00000000e+00
70       3.83717691e-08    8.00000000e-01    7.99998167e-01    0.00000000e+00    1.00000000e-01    1.00000000e+00    0.00000000e+00   -1.83301926e-09    0.00000000e+00    0.00000000e+00
71       3.93717691e-08    8.00000000e-01    8.00001318e-01    0.00000000e+00    1.00000000e-01    1.00000000e+00    0.00000000e+00    1.31779724e-09    0.00000000e+00    0.00000000e+00
72       4.03717691e-08    8.00000000e-01    7.99998169e-01    0.00000000e+00    1.00000000e-01    1.00000000e+00    0.00000000e+00   -1.83124375e-09    0.00000000e+00    0.00000000e+00
73       4.13717691e-08    8.00000000e-01    8.00001316e-01    0.00000000e+00    1.00000000e-01    1.00000000e+00    0.00000000e+00    1.31571837e-09    0.00000000e+00    0.00000000e+00
74       4.23717691e-08    8.00000000e-01    7.99998171e-01    0.00000000e+00    1.00000000e-01    1.00000000e+00    0.00000000e+00   -1.82947068e-09    0.00000000e+00    0.00000000e+00
75       4.33717691e-08    8.00000000e-01    8.00001314e-01    0.00000000e+00    1.00000000e-01    1.00000000e+00    0.00000000e+00    1.31364176e-09    0.00000000e+00    0.00000000e+00
76       4.43717691e-08    8.00000000e-01    7.99998172e-01    0.00000000e+00    1.00000000e-01    1.00000000e+00    0.00000000e+00   -1.82770006e-09    0.00000000e+00    0.00000000e+00
77       4.53717691e-08    8.00000000e-01    8.00001312e-01    0.00000000e+00    1.00000000e-01    1.00000000e+00    0.00000000e+00    1.31156742e-09    0.00000000e+00    0.00000000e+00
78       4.63717691e-08    8.00000000e-01    7.99998174e-01    0.00000000e+00    1.00000000e-01    1.00000000e+00    0.00000000e+00   -1.82593188e-09    0.00000000e+00    0.00000000e+00
79       4.73717691e-08    8.00000000e-01    8.00001309e-01    0.00000000e+00    1.00000000e-01    1.00000000e+00    0.00000000e+00    1.30949534e-09    0.00000000e+00    0.00000000e+00
80       4.83717691e-08    8.00000000e-01    7.99998176e-01    0.00000000e+00    1.00000000e-01    1.00000000e+00    0.00000000e+00   -1.82416614e-09    0.00000000e+00    0.00000000e+00
81       4.93717691e-08    8.00000000e-01    8.00001307e-01    0.00000000e+00    1.00000000e-01    1.00000000e+00    0.00000000e+00    1.30742552e-09    0.00000000e+00    0.00000000e+00
82       5.03717691e-08    8.00000000e-01    7.99998178e-01    0.00000000e+00    1.00000000e-01    1.00000000e+00    0.00000000e+00   -1.82240284e-09    0.00000000e+00    0.00000000e+00
83       5.13717691e-08    8.00000000e-01    8.00001305e-01    0.00000000e+00    1.00000000e-01    1.00000000e+00    0.00000000e+00    1.30535795e-09    0.00000000e+00    0.00000000e+00
84       5.23717691e-08    8.00000000e-01    7.99998179e-01    0.00000000e+00    1.00000000e-01    1.00000000e+00    0.00000000e+00   -1.82064197e-09    0.00000000e+00    0.00000000e+00
85       5.33717691e-08    8.00000000e-01    8.00001303e-01    0.00000000e+00    1.00000000e-01    1.00000000e+00    0.00000000e+00    1.30329263e-09    0.00000000e+00    0.00000000e+00
86       5.43717691e-08    8.00000000e-01    7.99998181e-01    0.00000000e+00    1.00000000e-01    1.00000000e+00    0.00000000e+00   -1.81888354e-09    0.00000000e+00    0.00000000e+00
87       5.53717691e-08    8.00000000e-01    8.00001301e-01    0.00000000e+00    1.00000000e-01    1.00000000e+00    0.00000000e+00    1.30122956e-09    0.00000000e+00    0.00000000e+00
88       5.63717691e-08    8.00000000e-01    7.99998183e-01    0.00000000e+00    1.00000000e-01    1.00000000e+00    0.00000000e+00   -1.81712753e-09    0.00000000e+00    0.00000000e+00
89       5.73717691e-08    8.00000000e-01    8.00001299e-01    0.00000000e+00    1.00000000e-01    1.00000000e+00    0.00000000e+00    1.29916874e-09    0.00000000e+00    0.00000000e+00
90       5.83717691e-08    8.00000000e-01    7.99998185e-01    0.00000000e+00    1.00000000e-01    1.00000000e+00    0.00000000e+00   -1.81537395e-09    0.00000000e+00    0.00000000e+00
91       5.93717691e-08    8.00000000e-01    8.00001297e-01    0.00000000e+00    1.00000000e-01    1.00000000e+00    0.00000000e+00    1.29711016e-09    0.00000000e+00    0.00000000e+00
92       6.03717691e-08    8.00000000e-01    7.99998186e-01    0.00000000e+00    1.00000000e-01    1.00000000e+00    0.00000000e+00   -1.81362280e-09    0.00000000e+00    0.00000000e+00
93       6.13717691e-08    8.00000000e-01    8.00001295e-01    0.00000000e+00    1.00000000e-01    1.00000000e+00    0.00000000e+00    1.29505382e-09    0.00000000e+00    0.00000000e+00
94       6.23717691e-08    8.00000000e-01    7.99998188e-01    0.00000000e+00    1.00000000e-01    1.00000000e+00    0.00000000e+00   -1.81187406e-09    0.00000000e+00    0.00000000e+00
95       6.33717691e-08    8.00000000e-01    8.00001293e-01    0.00000000e+00    1.00000000e-01    1.00000000e+00    0.00000000e+00    1.29299971e-09    0.00000000e+00    0.00000000e+00
96       6.43717691e-08    8.00000000e-01    7.99998190e-01    0.00000000e+00    1.00000000e-01    1.00000000e+00    0.00000000e+00   -1.81012775e-09    0.00000000e+00    0.00000000e+00
97       6.53717691e-08    8.00000000e-01    8.00001291e-01    0.00000000e+00    1.00000000e-01    1.00000000e+00    0.00000000e+00    1.29094784e-09    0.00000000e+00    0.00000000e+00
98       6.63717691e-08    8.00000000e-01    7.99998192e-01    0.00000000e+00    1.00000000e-01    1.00000000e+00    0.00000000e+00   -1.80838385e-09    0.00000000e+00    0.00000000e+00
99       6.73717691e-08    8.00000000e-01    8.00001289e-01    0.00000000e+00    1.00000000e-01    1.00000000e+00    0.00000000e+00    1.28889820e-09    0.00000000e+00    0.00000000e+00
100      6.83717691e-08    8.00000000e-01    7.99998193e-01    0.00000000e+00    1.00000000e-01    1.00000000e+00    0.00000000e+00   -1.80664236e-09    0.00000000e+00    0.00000000e+00
101      6.93717691e-08    8.00000000e-01    8.00001287e-01    0.00000000e+00    1.00000000e-01    1.00000000e+00    0.00000000e+00    1.28685078e-09    0.00000000e+00    0.00000000e+00
102      7.03717691e-08    8.00000000e-01    7.99998195e-01    0.00000000e+00    1.00000000e-01    1.00000000e+00    0.00000000e+00   -1.80490328e-09    0.00000000e+00    0.00000000e+00
103      7.13717691e-08    8.00000000e-01    8.00001285e-01    0.00000000e+00    1.00000000e-01    1.00000000e+00    0.00000000e+00    1.28480560e-09    0.00000000e+00    0.00000000e+00
104      7.23717691e-08    8.00000000e-01    7.99998197e-01    0.00000000e+00    1.00000000e-01    1.00000000e+00    0.00000000e+00   -1.80316661e-09    0.00000000e+00    0.00000000e+00
105      7.33717691e-08    8.00000000e-01    8.00001283e-01    0.00000000e+00    1.00000000e-01    1.00000000e+00    0.00000000e+00    1.28276263e-09    0.00000000e+00    0.00000000e+00
106      7.43717691e-08    8.00000000e-01    7.99998199e-01    0.00000000e+00    1.00000000e-01    1.00000000e+00    0.00000000e+00   -1.80143234e-09    0.00000000e+00    0.00000000e+00
107      7.53717691e-08    8.00000000e-01    8.00001281e-01    0.00000000e+00    1.00000000e-01    1.00000000e+00    0.00000000e+00    1.28072188e-09    0.00000000e+00    0.00000000e+00
108      7.63717691e-08    8.00000000e-01    7.99998200e-01    0.00000000e+00    1.00000000e-01    1.00000000e+00    0.00000000e+00   -1.79970048e-09    0.00000000e+00    0.00000000e+00
109      7.73717691e-08    8.00000000e-01    8.00001279e-01    0.00000000e+00    1.00000000e-01    1.00000000e+00    0.00000000e+00    1.27868335e-09    0.00000000e+00    0.00000000e+00
110      7.83717691e-08    8.00000000e-01    7.99998202e-01    0.00000000e+00    1.00000000e-01    1.00000000e+00    0.00000000e+00   -1.79797101e-09    0.00000000e+00    0.00000000e+00
111      7.93717691e-08    8.00000000e-01    8.00001277e-01    0.00000000e+00    1.00000000e-01    1.00000000e+00    0.00000000e+00    1.27664703e-09    0.00000000e+00    0.00000000e+00
112      8.03717691e-08    8.00000000e-01    7.99998204e-01    0.00000000e+00    1.00000000e-01    1.00000000e+00    0.00000000e+00   -1.79624394e-09    0.00000000e+00    0.00000000e+00
113      8.13717691e-08    8.00000000e-01    8.00001275e-01    0.00000000e+00    1.00000000e-01    1.00000000e+00    0.00000000e+00    1.27461292e-09    0.00000000e+00    0.00000000e+00
114      8.23717691e-08    8.00000000e-01    7.99998205e-01    0.00000000e+00    1.00000000e-01    1.00000000e+00    0.00000000e+00   -1.79451926e-09    0.00000000e+00    0.00000000e+00
115      8.33717691e-08    8.00000000e-01    8.00001273e-01    0.00000000e+00    1.00000000e-01    1.00000000e+00    0.00000000e+00    1.27258102e-09    0.00000000e+00    0.00000000e+00
116      8.43717691e-08    8.00000000e-01    7.99998207e-01    0.00000000e+00    1.00000000e-01    1.00000000e+00    0.00000000e+00   -1.79279698e-09    0.00000000e+00    0.00000000e+00
117      8.53717691e-08    8.00000000e-01    8.00001271e-01    0.00000000e+00    1.00000000e-01    1.00000000e+00    0.00000000e+00    1.27055133e-09    0.00000000e+00    0.00000000e+00
118      8.63717691e-08    8.00000000e-01    7.99998209e-01    0.00000000e+00    1.00000000e-01    1.00000000e+00    0.00000000e+00   -1.79107708e-09    0.00000000e+00    0.00000000e+00
119      8.73717691e-08    8.00000000e-01    8.00001269e-01    0.00000000e+00    1.00000000e-01    1.00000000e+00    0.00000000e+00    1.26852383e-09    0.00000000e+00    0.00000000e+00
120      8.83717691e-08    8.00000000e-01    7.99998211e-01    0.00000000e+00    1.00000000e-01    1.00000000e+00    0.00000000e+00   -1.78935957e-09    0.00000000e+00    0.00000000e+00
121      8.93717691e-08    8.00000000e-01    8.00001266e-01    0.00000000e+00    1.00000000e-01    1.00000000e+00    0.00000000e+00    1.26649853e-09    0.00000000e+00    0.00000000e+00
122      9.03717691e-08    8.00000000e-01    7.99998212e-01    0.00000000e+00    1.00000000e-01    1.00000000e+00    0.00000000e+00   -1.78764444e-09    0.00000000e+00    0.00000000e+00
123      9.13717691e-08    8.00000000e-01    8.00001264e-01    0.00000000e+00    1.00000000e-01    1.00000000e+00    0.00000000e+00    1.26447543e-09    0.00000000e+00    0.00000000e+00
124      9.23717691e-08    8.00000000e-01    7.99998214e-01    0.00000000e+00    1.00000000e-01    1.00000000e+00    0.00000000e+00   -1.78593169e-09    0.00000000e+00    0.00000000e+00
125      9.33717691e-08    8.00000000e-01    8.00001262e-01    0.00000000e+00    1.00000000e-01    1.00000000e+00    0.00000000e+00    1.26245452e-09    0.00000000e+00    0.00000000e+00
126      9.43717691e-08    8.00000000e-01    7.99998216e-01    0.00000000e+00    1.00000000e-01    1.00000000e+00    0.00000000e+00   -1.78422131e-09    0.00000000e+00    0.00000000e+00
127      9.53717691e-08    8.00000000e-01    8.00001260e-01    0.00000000e+00    1.00000000e-01    1.00000000e+00    0.00000000e+00    1.26043581e-09    0.00000000e+00    0.00000000e+00
128      9.63717691e-08    8.00000000e-01    7.99998217e-01    0.00000000e+00    1.00000000e-01    1.00000000e+00    0.00000000e+00   -1.78251331e-09    0.00000000e+00    0.00000000e+00
129      9.73717691e-08    8.00000000e-01    8.00001258e-01    0.00000000e+00    1.00000000e-01    1.00000000e+00    0.00000000e+00    1.25841927e-09    0.00000000e+00    0.00000000e+00
130      9.83717691e-08    8.00000000e-01    7.99998219e-01    0.00000000e+00    1.00000000e-01    1.00000000e+00    0.00000000e+00   -1.78080769e-09    0.00000000e+00    0.00000000e+00
131      9.93717691e-08    8.00000000e-01    8.00001256e-01    0.00000000e+00    1.00000000e-01    1.00000000e+00    0.00000000e+00    1.25640493e-09    0.00000000e+00    0.00000000e+00
132      1.00371769e-07    8.00000000e-01    7.99998221e-01    0.00000000e+00    1.00000000e-01    1.00000000e+00    0.00000000e+00   -1.77910443e-09    0.00000000e+00    0.00000000e+00
133      1.01371769e-07    8.00000000e-01    8.00001254e-01    0.00000000e+00    1.00000000e-01    1.00000000e+00    0.00000000e+00    1.25439276e-09    0.00000000e+00    0.00000000e+00
134      1.02371769e-07    8.00000000e-01    7.99998223e-01    0.00000000e+00    1.00000000e-01    1.00000000e+00    0.00000000e+00   -1.77740354e-09    0.00000000e+00    0.00000000e+00
135      1.03371769e-07    8.00000000e-01    8.00001252e-01    0.00000000e+00    1.00000000e-01    1.00000000e+00    0.00000000e+00    1.25238277e-09    0.00000000e+00    0.00000000e+00
136      1.04371769e-07    8.00000000e-01    7.99998224e-01    0.00000000e+00    1.00000000e-01    1.00000000e+00    0.00000000e+00   -1.77570501e-09    0.00000000e+00    0.00000000e+00
137      1.05371769e-07    8.00000000e-01    8.00001250e-01    0.00000000e+00    1.00000000e-01    1.00000000e+00    0.00000000e+00    1.25037496e-09    0.00000000e+00    0.00000000e+00
138      1.06371769e-07    8.00000000e-01    7.99998226e-01    0.00000000e+00    1.00000000e-01    1.00000000e+00    0.00000000e+00   -1.77400885e-09    0.00000000e+00    0.00000000e+00
139      1.07371769e-07    8.00000000e-01    8.00001248e-01    0.00000000e+00    1.00000000e-01    1.00000000e+00    0.00000000e+00    1.24836932e-09    0.00000000e+00    0.00000000e+00
140      1.08371769e-07    8.00000000e-01    7.99998228e-01    0.00000000e+00    1.00000000e-01    1.00000000e+00    0.00000000e+00   -1.77231504e-09    0.00000000e+00    0.00000000e+00
141      1.09371769e-07    8.00000000e-01    8.00001246e-01    0.00000000e+00    1.00000000e-01    1.00000000e+00    0.00000000e+00    1.24636585e-09    0.00000000e+00    0.00000000e+00
142      1.10371769e-07    8.00000000e-01    7.99998229e-01    0.00000000e+00    1.00000000e-01    1.00000000e+00    0.00000000e+00   -1.77062359e-09    0.00000000e+00    0.00000000e+00
143      1.11371769e-07    8.00000000e-01    8.00001244e-01    0.00000000e+00    1.00000000e-01    1.00000000e+00    0.00000000e+00    1.24436455e-09    0.00000000e+00    0.00000000e+00
144      1.12371769e-07    8.00000000e-01    7.99998231e-01    0.00000000e+00    1.00000000e-01    1.00000000e+00    0.00000000e+00   -1.76893449e-09    0.00000000e+00    0.00000000e+00
145      1.13371769e-07    8.00000000e-01    8.00001242e-01    0.00000000e+00    1.00000000e-01    1.00000000e+00    0.00000000e+00    1.24236541e-09    0.00000000e+00    0.00000000e+00
146      1.14371769e-07    8.00000000e-01    7.99998233e-01    0.00000000e+00    1.00000000e-01    1.00000000e+00    0.00000000e+00   -1.76724774e-09    0.00000000e+00    0.00000000e+00
147      1.15371769e-07    8.00000000e-01    8.00001240e-01    0.00000000e+00    1.00000000e-01    1.00000000e+00    0.00000000e+00    1.24036843e-09    0.00000000e+00    0.00000000e+00
148      1.16371769e-07    8.00000000e-01    7.99998234e-01    0.00000000e+00    1.00000000e-01    1.00000000e+00    0.00000000e+00   -1.76556334e-09    0.00000000e+00    0.00000000e+00
149      1.17371769e-07    8.00000000e-01    8.00001238e-01    0.00000000e+00    1.00000000e-01    1.00000000e+00    0.00000000e+00    1.23837361e-09    0.00000000e+00    0.00000000e+00
150      1.18371769e-07    8.00000000e-01    7.99998236e-01    0.00000000e+00    1.00000000e-01    1.00000000e+00    0.00000000e+00   -1.76388129e-09    0.00000000e+00    0.00000000e+00
151      1.19371769e-07    8.00000000e-01    8.00001236e-01    0.00000000e+00    1.00000000e-01    1.00000000e+00    0.00000000e+00    1.23638095e-09    0.00000000e+00    0.00000000e+00
152      1.20371769e-07    8.00000000e-01    7.99998238e-01    0.00000000e+00    1.00000000e-01    1.00000000e+00    0.00000000e+00   -1.76220157e-09    0.00000000e+00    0.00000000e+00
153      1.21371769e-07    8.00000000e-01    8.00001234e-01    0.00000000e+00    1.00000000e-01    1.00000000e+00    0.00000000e+00    1.23439044e-09    0.00000000e+00    0.00000000e+00
154      1.22371769e-07    8.00000000e-01    7.99998239e-01    0.00000000e+00    1.00000000e-01    1.00000000e+00    0.00000000e+00   -1.76052420e-09    0.00000000e+00    0.00000000e+00
155      1.23371769e-07    8.00000000e-01    8.00001232e-01    0.00000000e+00    1.00000000e-01    1.00000000e+00    0.00000000e+00    1.23240207e-09    0.00000000e+00    0.00000000e+00
156      1.24010000e-07    8.00000000e-01    7.99998242e-01    0.00000000e+00    1.00000000e-01    1.00000000e+00    0.00000000e+00   -1.75830234e-09    0.00000000e+00    0.00000000e+00
157      1.24011000e-07    7.20000000e-01    7.30615364e-01    0.00000000e+00    1.00000000e-01    1.00000000e+00    0.00000000e+00    1.06153641e-05    0.00000000e+00    0.00000000e+00
158      1.24013000e-07    5.60000000e-01    5.72124397e-01    0.00000000e+00    1.00000000e-01    1.00000000e+00    0.00000000e+00    1.21243972e-05    0.00000000e+00    0.00000000e+00
159      1.24017000e-07    2.40000000e-01    2.52338967e-01    0.00000000e+00    1.00000000e-01    1.00000000e+00    0.00000000e+00    1.23389674e-05    0.00000000e+00    0.00000000e+00
160      1.24020000e-07   -9.07163233e-13    1.21593156e-02    0.00000000e+00    1.00000000e-01    1.00000000e+00    0.00000000e+00    1.21593156e-05    0.00000000e+00    0.00000000e+00
161      1.24020800e-07    0.00000000e+00    1.95212209e-03    0.00000000e+00    1.00000000e-01    1.00000000e+00    0.00000000e+00    1.95212209e-06    0.00000000e+00    0.00000000e+00
162      1.24022400e-07    0.00000000e+00    1.70372468e-04    0.00000000e+00    1.00000000e-01    1.00000000e+00    0.00000000e+00    1.70372468e-07    0.00000000e+00    0.00000000e+00
163      1.24025600e-07    0.00000000e+00   -1.40646594e-04    0.00000000e+00    1.00000000e-01    1.00000000e+00    0.00000000e+00   -1.40646594e-07    0.00000000e+00    0.00000000e+00
164      1.24032000e-07    0.00000000e+00    1.27796258e-04    0.00000000e+00    1.00000000e-01    1.00000000e+00    0.00000000e+00    1.27796258e-07    0.00000000e+00    0.00000000e+00
165      1.24044800e-07    0.00000000e+00   -1.21843676e-04    0.00000000e+00    1.00000000e-01    1.00000000e+00    0.00000000e+00   -1.21843676e-07    0.00000000e+00    0.00000000e+00
166      1.24070400e-07    0.00000000e+00    1.18950048e-04    0.00000000e+00    1.00000000e-01    1.00000000e+00    0.00000000e+00    1.18950048e-07    0.00000000e+00    0.00000000e+00
167      1.24121600e-07    0.00000000e+00   -1.17551961e-04    0.00000000e+00    1.00000000e-01    1.00000000e+00    0.00000000e+00   -1.17551961e-07    0.00000000e+00    0.00000000e+00
168      1.24224000e-07    0.00000000e+00    1.16836156e-04    0.00000000e+00    1.00000000e-01    1.00000000e+00    0.00000000e+00    1.16836156e-07    0.00000000e+00    0.00000000e+00
169      1.24428800e-07    0.00000000e+00   -1.16502901e-04    0.00000000e+00    1.00000000e-01    1.00000000e+00    0.00000000e+00   -1.16502901e-07    0.00000000e+00    0.00000000e+00
170      1.24838400e-07    0.00000000e+00    1.16313582e-04    0.00000000e+00    1.00000000e-01    1.00000000e+00    0.00000000e+00    1.16313582e-07    0.00000000e+00    0.00000000e+00
171      1.25657600e-07    0.00000000e+00   -1.16242105e-04    0.00000000e+00    1.00000000e-01    1.00000000e+00    0.00000000e+00   -1.16242105e-07    0.00000000e+00    0.00000000e+00
172      1.26657600e-07    0.00000000e+00    1.16155596e-04    0.00000000e+00    1.00000000e-01    1.00000000e+00    0.00000000e+00    1.16155596e-07    0.00000000e+00    0.00000000e+00
173      1.27657600e-07    0.00000000e+00   -1.16099925e-04    0.00000000e+00    1.00000000e-01    1.00000000e+00    0.00000000e+00   -1.16099925e-07    0.00000000e+00    0.00000000e+00
174      1.28657600e-07    0.00000000e+00    1.16013495e-04    0.00000000e+00    1.00000000e-01    1.00000000e+00    0.00000000e+00    1.16013495e-07    0.00000000e+00    0.00000000e+00
175      1.29657600e-07    0.00000000e+00   -1.15957920e-04    0.00000000e+00    1.00000000e-01    1.00000000e+00    0.00000000e+00   -1.15957920e-07    0.00000000e+00    0.00000000e+00
176      1.30657600e-07    0.00000000e+00    1.15871567e-04    0.00000000e+00    1.00000000e-01    1.00000000e+00    0.00000000e+00    1.15871567e-07    0.00000000e+00    0.00000000e+00
177      1.31657600e-07    0.00000000e+00   -1.15816088e-04    0.00000000e+00    1.00000000e-01    1.00000000e+00    0.00000000e+00   -1.15816088e-07    0.00000000e+00    0.00000000e+00
178      1.32657600e-07    0.00000000e+00    1.15729812e-04    0.00000000e+00    1.00000000e-01    1.00000000e+00    0.00000000e+00    1.15729812e-07    0.00000000e+00    0.00000000e+00
179      1.33657600e-07    0.00000000e+00   -1.15674429e-04    0.00000000e+00    1.00000000e-01    1.00000000e+00    0.00000000e+00   -1.15674429e-07    0.00000000e+00    0.00000000e+00
180      1.34657600e-07    0.00000000e+00    1.15588231e-04    0.00000000e+00    1.00000000e-01    1.00000000e+00    0.00000000e+00    1.15588231e-07    0.00000000e+00    0.00000000e+00
181      1.35657600e-07    0.00000000e+00   -1.15532944e-04    0.00000000e+00    1.00000000e-01    1.00000000e+00    0.00000000e+00   -1.15532944e-07    0.00000000e+00    0.00000000e+00
182      1.36657600e-07    0.00000000e+00    1.15446824e-04    0.00000000e+00    1.00000000e-01    1.00000000e+00    0.00000000e+00    1.15446824e-07    0.00000000e+00    0.00000000e+00
183      1.37657600e-07    0.00000000e+00   -1.15391632e-04    0.00000000e+00    1.00000000e-01    1.00000000e+00    0.00000000e+00   -1.15391632e-07    0.00000000e+00    0.00000000e+00
184      1.38657600e-07    0.00000000e+00    1.15305589e-04    0.00000000e+00    1.00000000e-01    1.00000000e+00    0.00000000e+00    1.15305589e-07    0.00000000e+00    0.00000000e+00
185      1.39657600e-07    0.00000000e+00   -1.15250493e-04    0.00000000e+00    1.00000000e-01    1.00000000e+00    0.00000000e+00   -1.15250493e-07    0.00000000e+00    0.00000000e+00
186      1.40657600e-07    0.00000000e+00    1.15164527e-04    0.00000000e+00    1.00000000e-01    1.00000000e+00    0.00000000e+00    1.15164527e-07    0.00000000e+00    0.00000000e+00
187      1.41657600e-07    0.00000000e+00   -1.15109526e-04    0.00000000e+00    1.00000000e-01    1.00000000e+00    0.00000000e+00   -1.15109526e-07    0.00000000e+00    0.00000000e+00
188      1.42657600e-07    0.00000000e+00    1.15023637e-04    0.00000000e+00    1.00000000e-01    1.00000000e+00    0.00000000e+00    1.15023637e-07    0.00000000e+00    0.00000000e+00
189      1.43657600e-07    0.00000000e+00   -1.14968732e-04    0.00000000e+00    1.00000000e-01    1.00000000e+00    0.00000000e+00   -1.14968732e-07    0.00000000e+00    0.00000000e+00
190      1.44657600e-07    0.00000000e+00    1.14882920e-04    0.00000000e+00    1.00000000e-01    1.00000000e+00    0.00000000e+00    1.14882920e-07    0.00000000e+00    0.00000000e+00
191      1.45657600e-07    0.00000000e+00   -1.14828110e-04    0.00000000e+00    1.00000000e-01    1.00000000e+00    0.00000000e+00   -1.14828110e-07    0.00000000e+00    0.00000000e+00
192      1.46657600e-07    0.00000000e+00    1.14742375e-04    0.00000000e+00    1.00000000e-01    1.00000000e+00    0.00000000e+00    1.14742375e-07    0.00000000e+00    0.00000000e+00
193      1.47657600e-07    0.00000000e+00   -1.14687660e-04    0.00000000e+00    1.00000000e-01    1.00000000e+00    0.00000000e+00   -1.14687660e-07    0.00000000e+00    0.00000000e+00
194      1.48657600e-07    0.00000000e+00    1.14602002e-04    0.00000000e+00    1.00000000e-01    1.00000000e+00    0.00000000e+00    1.14602002e-07    0.00000000e+00    0.00000000e+00
195      1.49657600e-07    0.00000000e+00   -1.14547382e-04    0.00000000e+00    1.00000000e-01    1.00000000e+00    0.00000000e+00   -1.14547382e-07    0.00000000e+00    0.00000000e+00
196      1.50000000e-07    0.00000000e+00    1.14327335e-04    0.00000000e+00    1.00000000e-01    1.00000000e+00    0.00000000e+00    1.14327335e-07    0.00000000e+00    0.00000000e+00
197      1.50001000e-07    0.00000000e+00    1.51642340e-05   -1.77007046e-62    1.00000000e-01    9.00000000e-01   -1.77007046e-62    1.51642340e-08   -3.16084012e-64   -1.77007046e-65
198      1.50003000e-07    0.00000000e+00    1.07042661e-06   -2.96736492e-67    1.00000000e-01    7.00000000e-01   -2.96736492e-67    1.07042661e-09    0.00000000e+00   -2.96736492e-70
199      1.50007000e-07    0.00000000e+00   -9.32691534e-07   -2.79999999e-03    1.00000000e-01    3.00000000e-01   -2.79999999e-03   -9.32691534e-10   -5.00000000e-05   -2.79999999e-06
200      1.50010000e-07    0.00000000e+00    7.45964474e-07   -5.59999998e-03    1.00000000e-01   -1.13398180e-12   -5.59999998e-03    7.45964474e-10   -1.00000000e-04   -5.59999998e-06
201      1.50010800e-07    0.00000000e+00    1.13254190e-07   -5.59999998e-03    1.00000000e-01    0.00000000e+00   -5.59999998e-03    1.13254190e-10   -1.00000000e-04   -5.59999998e-06
202      1.50012400e-07    0.00000000e+00    2.80939970e-09   -5.59999998e-03    1.00000000e-01    0.00000000e+00   -5.59999998e-03    2.80939970e-12   -1.00000000e-04   -5.59999998e-06
203      1.50015600e-07    0.00000000e+00   -1.64696542e-08   -5.59999998e-03    1.00000000e-01    0.00000000e+00   -5.59999998e-03   -1.64696542e-11   -1.00000000e-04   -5.59999998e-06
204      1.50022000e-07    0.00000000e+00    1.70218741e-10   -5.59999998e-03    1.00000000e-01    0.00000000e+00   -5.59999998e-03    1.70218741e-13   -1.00000000e-04   -5.59999998e-06
205      1.50034800e-07    0.00000000e+00   -1.53041674e-08   -5.59999998e-03    1.00000000e-01    0.00000000e+00   -5.59999998e-03   -1.53041674e-11   -1.00000000e-04   -5.59999998e-06
206      1.50060400e-07    0.00000000e+00   -3.78216833e-10   -5.59999998e-03    1.00000000e-01    0.00000000e+00   -5.59999998e-03   -3.78216833e-13   -1.00000000e-04   -5.59999998e-06
207      1.50111600e-07    0.00000000e+00   -1.50383144e-08   -5.59999998e-03    1.00000000e-01    0.00000000e+00   -5.59999998e-03   -1.50383144e-11   -1.00000000e-04   -5.59999998e-06
208      1.50214000e-07    0.00000000e+00   -5.09602545e-10   -5.59999998e-03    1.00000000e-01    0.00000000e+00   -5.59999998e-03   -5.09602545e-13   -1.00000000e-04   -5.59999998e-06
209      1.50418800e-07    0.00000000e+00   -1.49739918e-08   -5.59999998e-03    1.00000000e-01    0.00000000e+00   -5.59999998e-03   -1.49739918e-11   -1.00000000e-04   -5.59999998e-06
210      1.50828400e-07    0.00000000e+00   -5.43405564e-10   -5.59999998e-03    1.00000000e-01    0.00000000e+00   -5.59999998e-03   -5.43405564e-13   -1.00000000e-04   -5.59999998e-06
211      1.51647600e-07    0.00000000e+00   -1.49606471e-08   -5.59999998e-03    1.00000000e-01    0.00000000e+00   -5.59999998e-03   -1.49606471e-11   -1.00000000e-04   -5.59999998e-06
212      1.52647600e-07    0.00000000e+00   -5.57376116e-10   -5.59999998e-03    1.00000000e-01    0.00000000e+00   -5.59999998e-03   -5.57376116e-13   -1.00000000e-04   -5.59999998e-06
213      1.53647600e-07    0.00000000e+00   -1.49564278e-08   -5.59999998e-03    1.00000000e-01    0.00000000e+00   -5.59999998e-03   -1.49564278e-11   -1.00000000e-04   -5.59999998e-06
214      1.54647600e-07    0.00000000e+00   -5.70779843e-10   -5.59999998e-03    1.00000000e-01    0.00000000e+00   -5.59999998e-03   -5.70779843e-13   -1.00000000e-04   -5.59999998e-06
215      1.55647600e-07    0.00000000e+00   -1.49522220e-08   -5.59999998e-03    1.00000000e-01    0.00000000e+00   -5.59999998e-03   -1.49522220e-11   -1.00000000e-04   -5.59999998e-06
216      1.56647600e-07    0.00000000e+00   -5.84175519e-10   -5.59999998e-03    1.00000000e-01    0.00000000e+00   -5.59999998e-03   -5.84175519e-13   -1.00000000e-04   -5.59999998e-06
217      1.57647600e-07    0.00000000e+00   -1.49480297e-08   -5.59999998e-03    1.00000000e-01    0.00000000e+00   -5.59999998e-03   -1.49480297e-11   -1.00000000e-04   -5.59999998e-06
218      1.58647600e-07    0.00000000e+00   -5.97563160e-10   -5.59999998e-03    1.00000000e-01    0.00000000e+00   -5.59999998e-03   -5.97563160e-13   -1.00000000e-04   -5.59999998e-06
219      1.59647600e-07    0.00000000e+00   -1.49438508e-08   -5.59999998e-03    1.00000000e-01    0.00000000e+00   -5.59999998e-03   -1.49438508e-11   -1.00000000e-04   -5.59999998e-06
220      1.60647600e-07    0.00000000e+00   -6.10942779e-10   -5.59999998e-03    1.00000000e-01    0.00000000e+00   -5.59999998e-03   -6.10942779e-13   -1.00000000e-04   -5.59999998e-06
221      1.61647600e-07    0.00000000e+00   -1.49396855e-08   -5.59999998e-03    1.00000000e-01    0.00000000e+00   -5.59999998e-03   -1.49396855e-11   -1.00000000e-04   -5.59999998e-06
222      1.62647600e-07    0.00000000e+00   -6.24314392e-10   -5.59999998e-03    1.00000000e-01    0.00000000e+00   -5.59999998e-03   -6.24314392e-13   -1.00000000e-04   -5.59999998e-06
223      1.63647600e-07    0.00000000e+00   -1.49355336e-08   -5.59999998e-03    1.00000000e-01    0.00000000e+00   -5.59999998e-03   -1.49355336e-11   -1.00000000e-04   -5.59999998e-06
224      1.64647600e-07    0.00000000e+00   -6.37678014e-10   -5.59999998e-03    1.00000000e-01    0.00000000e+00   -5.59999998e-03   -6.37678014e-13   -1.00000000e-04   -5.59999998e-06
225      1.65647600e-07    0.00000000e+00   -1.49313951e-08   -5.59999998e-03    1.00000000e-01    0.00000000e+00   -5.59999998e-03   -1.49313951e-11   -1.00000000e-04   -5.59999998e-06
226      1.66647600e-07    0.00000000e+00   -6.51033660e-10   -5.59999998e-03    1.00000000e-01    0.00000000e+00   -5.59999998e-03   -6.51033660e-13   -1.00000000e-04   -5.59999998e-06
227      1.67647600e-07    0.00000000e+00   -1.49272701e-08   -5.59999998e-03    1.00000000e-01    0.00000000e+00   -5.59999998e-03   -1.49272701e-11   -1.00000000e-04   -5.59999998e-06
228      1.68647600e-07    0.00000000e+00   -6.64381343e-10   -5.59999998e-03    1.00000000e-01    0.00000000e+00   -5.59999998e-03   -6.64381343e-13   -1.00000000e-04   -5.59999998e-06
229      1.69647600e-07    0.00000000e+00   -1.49231585e-08   -5.59999998e-03    1.00000000e-01    0.00000000e+00   -5.59999998e-03   -1.49231585e-11   -1.00000000e-04   -5.59999998e-06
230      1.70647600e-07    0.00000000e+00   -6.77721079e-10   -5.59999998e-03    1.00000000e-01    0.00000000e+00   -5.59999998e-03   -6.77721079e-13   -1.00000000e-04   -5.59999998e-06
231      1.71647600e-07    0.00000000e+00   -1.49190604e-08   -5.59999998e-03    1.00000000e-01    0.00000000e+00   -5.59999998e-03   -1.49190604e-11   -1.00000000e-04   -5.59999998e-06
232      1.72647600e-07    0.00000000e+00   -6.91052883e-10   -5.59999998e-03    1.00000000e-01    0.00000000e+00   -5.59999998e-03   -6.91052883e-13   -1.00000000e-04   -5.59999998e-06
233      1.73647600e-07    0.00000000e+00   -1.49149756e-08   -5.59999998e-03    1.00000000e-01    0.00000000e+00   -5.59999998e-03   -1.49149756e-11   -1.00000000e-04   -5.59999998e-06
234      1.74647600e-07    0.00000000e+00   -7.04376769e-10   -5.59999998e-03    1.00000000e-01    0.00000000e+00   -5.59999998e-03   -7.04376769e-13   -1.00000000e-04   -5.59999998e-06
235      1.75647600e-07    0.00000000e+00   -1.49109042e-08   -5.59999998e-03    1.00000000e-01    0.00000000e+00   -5.59999998e-03   -1.49109042e-11   -1.00000000e-04   -5.59999998e-06
236      1.76647600e-07    0.00000000e+00   -7.17692751e-10   -5.59999998e-03    1.00000000e-01    0.00000000e+00   -5.59999998e-03   -7.17692751e-13   -1.00000000e-04   -5.59999998e-06
237      1.77647600e-07    0.00000000e+00   -1.49068462e-08   -5.59999998e-03    1.00000000e-01    0.00000000e+00   -5.59999998e-03   -1.49068462e-11   -1.00000000e-04   -5.59999998e-06
238      1.78647600e-07    0.00000000e+00   -7.31000845e-10   -5.59999998e-03    1.00000000e-01    0.00000000e+00   -5.59999998e-03   -7.31000845e-13   -1.00000000e-04   -5.59999998e-06
239      1.79647600e-07    0.00000000e+00   -1.49028016e-08   -5.59999998e-03    1.00000000e-01    0.00000000e+00   -5.59999998e-03   -1.49028016e-11   -1.00000000e-04   -5.59999998e-06
240      1.80647600e-07    0.00000000e+00   -7.44301065e-10   -5.59999998e-03    1.00000000e-01    0.00000000e+00   -5.59999998e-03   -7.44301065e-13   -1.00000000e-04   -5.59999998e-06
241      1.81647600e-07    0.00000000e+00   -1.48987703e-08   -5.59999998e-03    1.00000000e-01    0.00000000e+00   -5.59999998e-03   -1.48987703e-11   -1.00000000e-04   -5.59999998e-06
242      1.82647600e-07    0.00000000e+00   -7.57593426e-10   -5.59999998e-03    1.00000000e-01    0.00000000e+00   -5.59999998e-03   -7.57593426e-13   -1.00000000e-04   -5.59999998e-06
243      1.83647600e-07    0.00000000e+00   -1.48947523e-08   -5.59999998e-03    1.00000000e-01    0.00000000e+00   -5.59999998e-03   -1.48947523e-11   -1.00000000e-04   -5.59999998e-06
244      1.84647600e-07    0.00000000e+00   -7.70877942e-10   -5.59999998e-03    1.00000000e-01    0.00000000e+00   -5.59999998e-03   -7.70877942e-13   -1.00000000e-04   -5.59999998e-06
245      1.85647600e-07    0.00000000e+00   -1.48907477e-08   -5.59999998e-03    1.00000000e-01    0.00000000e+00   -5.59999998e-03   -1.48907477e-11   -1.00000000e-04   -5.59999998e-06
246      1.86647600e-07    0.00000000e+00   -7.84154628e-10   -5.59999998e-03    1.00000000e-01    0.00000000e+00   -5.59999998e-03   -7.84154628e-13   -1.00000000e-04   -5.59999998e-06
247      1.87647600e-07    0.00000000e+00   -1.48867564e-08   -5.59999998e-03    1.00000000e-01    0.00000000e+00   -5.59999998e-03   -1.48867564e-11   -1.00000000e-04   -5.59999998e-06
248      1.88647600e-07    0.00000000e+00   -7.97423498e-10   -5.59999998e-03    1.00000000e-01    0.00000000e+00   -5.59999998e-03   -7.97423498e-13   -1.00000000e-04   -5.59999998e-06
249      1.89647600e-07    0.00000000e+00   -1.48827785e-08   -5.59999998e-03    1.00000000e-01    0.00000000e+00   -5.59999998e-03   -1.48827785e-11   -1.00000000e-04   -5.59999998e-06
250      1.90647600e-07    0.00000000e+00   -8.10684568e-10   -5.59999998e-03    1.00000000e-01    0.00000000e+00   -5.59999998e-03   -8.10684568e-13   -1.00000000e-04   -5.59999998e-06
251      1.91647600e-07    0.00000000e+00   -1.48788138e-08   -5.59999998e-03    1.00000000e-01    0.00000000e+00   -5.59999998e-03   -1.48788138e-11   -1.00000000e-04   -5.59999998e-06
252      1.92647600e-07    0.00000000e+00   -8.23937851e-10   -5.59999998e-03    1.00000000e-01    0.00000000e+00   -5.59999998e-03   -8.23937851e-13   -1.00000000e-04   -5.59999998e-06
253      1.93647600e-07    0.00000000e+00   -1.48748624e-08   -5.59999998e-03    1.00000000e-01    0.00000000e+00   -5.59999998e-03   -1.48748624e-11   -1.00000000e-04   -5.59999998e-06
254      1.94647600e-07    0.00000000e+00   -8.37183362e-10   -5.59999998e-03    1.00000000e-01    0.00000000e+00   -5.59999998e-03   -8.37183362e-13   -1.00000000e-04   -5.59999998e-06
255      1.95647600e-07    0.00000000e+00   -1.48709243e-08   -5.59999998e-03    1.00000000e-01    0.00000000e+00   -5.59999998e-03   -1.48709243e-11   -1.00000000e-04   -5.59999998e-06
256      1.96647600e-07    0.00000000e+00   -8.50421116e-10   -5.59999998e-03    1.00000000e-01    0.00000000e+00   -5.59999998e-03   -8.50421116e-13   -1.00000000e-04   -5.59999998e-06
257      1.97647600e-07    0.00000000e+00   -1.48669994e-08   -5.59999998e-03    1.00000000e-01    0.00000000e+00   -5.59999998e-03   -1.48669994e-11   -1.00000000e-04   -5.59999998e-06
258      1.98647600e-07    0.00000000e+00   -8.63651127e-10   -5.59999998e-03    1.00000000e-01    0.00000000e+00   -5.59999998e-03   -8.63651127e-13   -1.00000000e-04   -5.59999998e-06
259      1.99647600e-07    0.00000000e+00   -1.48630878e-08   -5.59999998e-03    1.00000000e-01    0.00000000e+00   -5.59999998e-03   -1.48630878e-11   -1.00000000e-04   -5.59999998e-06
260      2.00647600e-07    0.00000000e+00   -8.76873409e-10   -5.59999998e-03    1.00000000e-01    0.00000000e+00   -5.59999998e-03   -8.76873409e-13   -1.00000000e-04   -5.59999998e-06
261      2.01647600e-07    0.00000000e+00   -1.48591895e-08   -5.59999998e-03    1.00000000e-01    0.00000000e+00   -5.59999998e-03   -1.48591895e-11   -1.00000000e-04   -5.59999998e-06
262      2.02647600e-07    0.00000000e+00   -8.90087978e-10   -5.59999998e-03    1.00000000e-01    0.00000000e+00   -5.59999998e-03   -8.90087978e-13   -1.00000000e-04   -5.59999998e-06
263      2.03647600e-07    0.00000000e+00   -1.48553044e-08   -5.59999998e-03    1.00000000e-01    0.00000000e+00   -5.59999998e-03   -1.48553044e-11   -1.00000000e-04   -5.59999998e-06
264      2.04647600e-07    0.00000000e+00   -9.03294847e-10   -5.59999998e-03    1.00000000e-01    0.00000000e+00   -5.59999998e-03   -9.03294847e-13   -1.00000000e-04   -5.59999998e-06
265      2.05647600e-07    0.00000000e+00   -1.48514325e-08   -5.59999998e-03    1.00000000e-01    0.00000000e+00   -5.59999998e-03   -1.48514325e-11   -1.00000000e-04   -5.59999998e-06
266      2.06647600e-07    0.00000000e+00   -9.16494031e-10   -5.59999998e-03    1.00000000e-01    0.00000000e+00   -5.59999998e-03   -9.16494031e-13   -1.00000000e-04   -5.59999998e-06
267      2.07647600e-07    0.00000000e+00   -1.48475738e-08   -5.59999998e-03    1.00000000e-01    0.00000000e+00   -5.59999998e-03   -1.48475738e-11   -1.00000000e-04   -5.59999998e-06
268      2.08647600e-07    0.00000000e+00   -9.29685544e-10   -5.59999998e-03    1.00000000e-01    0.00000000e+00   -5.59999998e-03   -9.29685544e-13   -1.00000000e-04   -5.59999998e-06
269      2.09647600e-07    0.00000000e+00   -1.48437283e-08   -5.59999998e-03    1.00000000e-01    0.00000000e+00   -5.59999998e-03   -1.48437283e-11   -1.00000000e-04   -5.59999998e-06
270      2.10647600e-07    0.00000000e+00   -9.42869401e-10   -5.59999998e-03    1.00000000e-01    0.00000000e+00   -5.59999998e-03   -9.42869401e-13   -1.00000000e-04   -5.59999998e-06
271      2.11647600e-07    0.00000000e+00   -1.48398960e-08   -5.59999998e-03    1.00000000e-01    0.00000000e+00   -5.59999998e-03   -1.48398960e-11   -1.00000000e-04   -5.59999998e-06
272      2.12647600e-07    0.00000000e+00   -9.56045616e-10   -5.59999998e-03    1.00000000e-01    0.00000000e+00   -5.59999998e-03   -9.56045616e-13   -1.00000000e-04   -5.59999998e-06
273      2.13647600e-07    0.00000000e+00   -1.48360769e-08   -5.59999998e-03    1.00000000e-01    0.00000000e+00   -5.59999998e-03   -1.48360769e-11   -1.00000000e-04   -5.59999998e-06
274      2.14647600e-07    0.00000000e+00   -9.69214204e-10   -5.59999998e-03    1.00000000e-01    0.00000000e+00   -5.59999998e-03   -9.69214204e-13   -1.00000000e-04   -5.59999998e-06
275      2.15647600e-07    0.00000000e+00   -1.48322709e-08   -5.59999998e-03    1.00000000e-01    0.00000000e+00   -5.59999998e-03   -1.48322709e-11   -1.00000000e-04   -5.59999998e-06
276      2.16647600e-07    0.00000000e+00   -9.82375179e-10   -5.59999998e-03    1.00000000e-01    0.00000000e+00   -5.59999998e-03   -9.82375179e-13   -1.00000000e-04   -5.59999998e-06
277      2.17647600e-07    0.00000000e+00   -1.48284781e-08   -5.59999998e-03    1.00000000e-01    0.00000000e+00   -5.59999998e-03   -1.48284781e-11   -1.00000000e-04   -5.59999998e-06
278      2.18647600e-07    0.00000000e+00   -9.95528555e-10   -5.59999998e-03    1.00000000e-01    0.00000000e+00   -5.59999998e-03   -9.95528555e-13   -1.00000000e-04   -5.59999998e-06
279      2.19647600e-07    0.00000000e+00   -1.48246984e-08   -5.59999998e-03    1.00000000e-01    0.00000000e+00   -5.59999998e-03   -1.48246984e-11   -1.00000000e-04   -5.59999998e-06
280      2.20647600e-07    0.00000000e+00   -1.00867435e-09   -5.59999998e-03    1.00000000e-01    0.00000000e+00   -5.59999998e-03   -1.00867435e-12   -1.00000000e-04   -5.59999998e-06
281      2.21647600e-07    0.00000000e+00   -1.48209319e-08   -5.59999998e-03    1.00000000e-01    0.00000000e+00   -5.59999998e-03   -1.48209319e-11   -1.00000000e-04   -5.59999998e-06
282      2.22647600e-07    0.00000000e+00   -1.02181257e-09   -5.59999998e-03    1.00000000e-01    0.00000000e+00   -5.59999998e-03   -1.02181257e-12   -1.00000000e-04   -5.59999998e-06
283      2.23647600e-07    0.00000000e+00   -1.48171784e-08   -5.59999998e-03    1.00000000e-01    0.00000000e+00   -5.59999998e-03   -1.48171784e-11   -1.00000000e-04   -5.59999998e-06
284      2.24647600e-07    0.00000000e+00   -1.03494323e-09   -5.59999998e-03    1.00000000e-01    0.00000000e+00   -5.59999998e-03   -1.03494323e-12   -1.00000000e-04   -5.59999998e-06
285      2.25647600e-07    0.00000000e+00   -1.48134381e-08   -5.59999998e-03    1.00000000e-01    0.00000000e+00   -5.59999998e-03   -1.48134381e-11   -1.00000000e-04   -5.59999998e-06
286      2.26647600e-07    0.00000000e+00   -1.04806636e-09   -5.59999998e-03    1.00000000e-01    0.00000000e+00   -5.59999998e-03   -1.04806636e-12   -1.00000000e-04   -5.59999998e-06
287      2.27647600e-07    0.00000000e+00   -1.48097109e-08   -5.59999998e-03    1.00000000e-01    0.00000000e+00   -5.59999998e-03   -1.48097109e-11   -1.00000000e-04   -5.59999998e-06
288      2.28647600e-07    0.00000000e+00   -1.06118196e-09   -5.59999998e-03    1.00000000e-01    0.00000000e+00   -5.59999998e-03   -1.06118196e-12   -1.00000000e-04   -5.59999998e-06
289      2.29647600e-07    0.00000000e+00   -1.48059968e-08   -5.59999998e-03    1.00000000e-01    0.00000000e+00   -5.59999998e-03   -1.48059968e-11   -1.00000000e-04   -5.59999998e-06
290      2.30647600e-07    0.00000000e+00   -1.07429004e-09   -5.59999998e-03    1.00000000e-01    0.00000000e+00   -5.59999998e-03   -1.07429004e-12   -1.00000000e-04   -5.59999998e-06
291      2.31647600e-07    0.00000000e+00   -1.48022958e-08   -5.59999998e-03    1.00000000e-01    0.00000000e+00   -5.59999998e-03   -1.48022958e-11   -1.00000000e-04   -5.59999998e-06
292      2.32647600e-07    0.00000000e+00   -1.08739063e-09   -5.59999998e-03    1.00000000e-01    0.00000000e+00   -5.59999998e-03   -1.08739063e-12   -1.00000000e-04   -5.59999998e-06
293      2.33647600e-07    0.00000000e+00   -1.47986078e-08   -5.59999998e-03    1.00000000e-01    0.00000000e+00   -5.59999998e-03   -1.47986078e-11   -1.00000000e-04   -5.59999998e-06
294      2.34647600e-07    0.00000000e+00   -1.10048373e-09   -5.59999998e-03    1.00000000e-01    0.00000000e+00   -5.59999998e-03   -1.10048373e-12   -1.00000000e-04   -5.59999998e-06
295      2.35647600e-07    0.00000000e+00   -1.47949329e-08   -5.59999998e-03    1.00000000e-01    0.00000000e+00   -5.59999998e-03   -1.47949329e-11   -1.00000000e-04   -5.59999998e-06
296      2.36647600e-07    0.00000000e+00   -1.11356936e-09   -5.59999998e-03    1.00000000e-01    0.00000000e+00   -5.59999998e-03   -1.11356936e-12   -1.00000000e-04   -5.59999998e-06
297      2.37647600e-07    0.00000000e+00   -1.47912710e-08   -5.59999998e-03    1.00000000e-01    0.00000000e+00   -5.59999998e-03   -1.47912710e-11   -1.00000000e-04   -5.59999998e-06
298      2.38647600e-07    0.00000000e+00   -1.12664753e-09   -5.59999998e-03    1.00000000e-01    0.00000000e+00   -5.59999998e-03   -1.12664753e-12   -1.00000000e-04   -5.59999998e-06
299      2.39647600e-07    0.00000000e+00   -1.47876221e-08   -5.59999998e-03    1.00000000e-01    0.00000000e+00   -5.59999998e-03   -1.47876221e-11   -1.00000000e-04   -5.59999998e-06
300      2.40647600e-07    0.00000000e+00   -1.13971827e-09   -5.59999998e-03    1.00000000e-01    0.00000000e+00   -5.59999998e-03   -1.13971827e-12   -1.00000000e-04   -5.59999998e-06
301      2.41647600e-07    0.00000000e+00   -1.47839863e-08   -5.59999998e-03    1.00000000e-01    0.00000000e+00   -5.59999998e-03   -1.47839863e-11   -1.00000000e-04   -5.59999998e-06
302      2.42647600e-07    0.00000000e+00   -1.15278157e-09   -5.59999998e-03    1.00000000e-01    0.00000000e+00   -5.59999998e-03   -1.15278157e-12   -1.00000000e-04   -5.59999998e-06
303      2.43647600e-07    0.00000000e+00   -1.47803635e-08   -5.59999998e-03    1.00000000e-01    0.00000000e+00   -5.59999998e-03   -1.47803635e-11   -1.00000000e-04   -5.59999998e-06
304      2.44647600e-07    0.00000000e+00   -1.16583746e-09   -5.59999998e-03    1.00000000e-01    0.00000000e+00   -5.59999998e-03   -1.16583746e-12   -1.00000000e-04   -5.59999998e-06
305      2.45647600e-07    0.00000000e+00   -1.47767537e-08   -5.59999998e-03    1.00000000e-01    0.00000000e+00   -5.59999998e-03   -1.47767537e-11   -1.00000000e-04   -5.59999998e-06
306      2.46647600e-07    0.00000000e+00   -1.17888596e-09   -5.59999998e-03    1.00000000e-01    0.00000000e+00   -5.59999998e-03   -1.17888596e-12   -1.00000000e-04   -5.59999998e-06
307      2.47647600e-07    0.00000000e+00   -1.47731569e-08   -5.59999998e-03    1.00000000e-01    0.00000000e+00   -5.59999998e-03   -1.47731569e-11   -1.00000000e-04   -5.59999998e-06
308      2.48647600e-07    0.00000000e+00   -1.19192707e-09   -5.59999998e-03    1.00000000e-01    0.00000000e+00   -5.59999998e-03   -1.19192707e-12   -1.00000000e-04   -5.59999998e-06
309      2.49647600e-07    0.00000000e+00   -1.47695730e-08   -5.59999998e-03    1.00000000e-01    0.00000000e+00   -5.59999998e-03   -1.47695730e-11   -1.00000000e-04   -5.59999998e-06
310      2.50010000e-07    0.00000000e+00   -1.21075107e-09   -5.59999998e-03    1.00000000e-01    0.00000000e+00   -5.59999998e-03   -1.21075107e-12   -1.00000000e-04   -5.59999998e-06
311      2.50011000e-07    0.00000000e+00   -7.08595967e-09   -5.59999998e-03    1.00000000e-01    1.00000000e-01   -5.59999998e-03   -7.08595967e-12   -1.00000000e-04   -5.59999998e-06
312      2.50013000e-07    0.00000000e+00   -7.92099300e-09   -2.79999999e-03    1.00000000e-01    3.00000000e-01   -2.79999999e-03   -7.92099300e-12   -5.00000000e-05   -2.79999999e-06
313      2.50017000e-07    0.00000000e+00   -8.03968301e-09    0.00000000e+00    1.00000000e-01    7.00000000e-01    0.00000000e+00   -8.03968301e-12    0.00000000e+00    0.00000000e+00
314      2.50020000e-07    0.00000000e+00   -7.94023325e-09    2.16840434e-19    1.00000000e-01    1.00000000e+00    2.16840434e-19   -7.94023325e-12    0.00000000e+00    2.16840434e-22
315      2.50020800e-07    0.00000000e+00   -7.97772190e-09    0.00000000e+00    1.00000000e-01    1.00000000e+00    0.00000000e+00   -7.97772190e-12   -1.19510591e-74    0.00000000e+00
316      2.50022400e-07    0.00000000e+00   -7.98426931e-09    0.00000000e+00    1.00000000e-01    1.00000000e+00    0.00000000e+00   -7.98426931e-12    2.39021184e-74    0.00000000e+00
317      2.50025600e-07    0.00000000e+00   -7.98541912e-09    0.00000000e+00    1.00000000e-01    1.00000000e+00    0.00000000e+00   -7.98541912e-12   -7.17063548e-74    0.00000000e+00
318      2.50032000e-07    0.00000000e+00   -7.98444837e-09    0.00000000e+00    1.00000000e-01    1.00000000e+00    0.00000000e+00   -7.98444837e-12    7.17063548e-74    0.00000000e+00
319      2.50044800e-07    0.00000000e+00   -7.98539546e-09    0.00000000e+00    1.00000000e-01    1.00000000e+00    0.00000000e+00   -7.98539546e-12   -7.17063548e-74    0.00000000e+00
320      2.50070400e-07    0.00000000e+00   -7.98457165e-09    0.00000000e+00    1.00000000e-01    1.00000000e+00    0.00000000e+00   -7.98457165e-12    7.17063548e-74    0.00000000e+00
321      2.50121600e-07    0.00000000e+00   -7.98556128e-09    0.00000000e+00    1.00000000e-01    1.00000000e+00    0.00000000e+00   -7.98556128e-12   -7.17063548e-74    0.00000000e+00
322      2.50224000e-07    0.00000000e+00   -7.98494259e-09    0.00000000e+00    1.00000000e-01    1.00000000e+00    0.00000000e+00   -7.98494259e-12    7.17063548e-74    0.00000000e+00
323      2.50428800e-07    0.00000000e+00   -7.98628382e-09    0.00000000e+00    1.00000000e-01    1.00000000e+00    0.00000000e+00   -7.98628382e-12   -7.17063548e-74    0.00000000e+00
324      2.50838400e-07    0.00000000e+00   -7.98639739e-09    0.00000000e+00    1.00000000e-01    1.00000000e+00    0.00000000e+00   -7.98639739e-12    7.17063548e-74    0.00000000e+00
325      2.51657600e-07    0.00000000e+00   -7.98918906e-09    0.00000000e+00    1.00000000e-01    1.00000000e+00    0.00000000e+00   -7.98918906e-12   -7.17063548e-74    0.00000000e+00
326      2.52657600e-07    0.00000000e+00   -7.99070141e-09    0.00000000e+00    1.00000000e-01    1.00000000e+00    0.00000000e+00   -7.99070141e-12    7.17063548e-74    0.00000000e+00
327      2.53657600e-07    0.00000000e+00   -7.99392094e-09    0.00000000e+00    1.00000000e-01    1.00000000e+00    0.00000000e+00   -7.99392094e-12   -7.17063548e-74    0.00000000e+00
328      2.54657600e-07    0.00000000e+00   -7.99543574e-09    0.00000000e+00    1.00000000e-01    1.00000000e+00    0.00000000e+00   -7.99543574e-12    7.17063548e-74    0.00000000e+00
329      2.55657600e-07    0.00000000e+00   -7.99865563e-09    0.00000000e+00    1.00000000e-01    1.00000000e+00    0.00000000e+00   -7.99865563e-12   -7.17063548e-74    0.00000000e+00
330      2.56657600e-07    0.00000000e+00   -8.00017287e-09    0.00000000e+00    1.00000000e-01    1.00000000e+00    0.00000000e+00   -8.00017287e-12    7.17063548e-74    0.00000000e+00
331      2.57657600e-07    0.00000000e+00   -8.00339313e-09    0.00000000e+00    1.00000000e-01    1.00000000e+00    0.00000000e+00   -8.00339313e-12   -7.17063548e-74    0.00000000e+00
332      2.58657600e-07    0.00000000e+00   -8.00491282e-09    0.00000000e+00    1.00000000e-01    1.00000000e+00    0.00000000e+00   -8.00491282e-12    7.17063548e-74    0.00000000e+00
333      2.59657600e-07    0.00000000e+00   -8.00813344e-09    0.00000000e+00    1.00000000e-01    1.00000000e+00    0.00000000e+00   -8.00813344e-12   -7.17063548e-74    0.00000000e+00
334      2.60657600e-07    0.00000000e+00   -8.00965557e-09    0.00000000e+00    1.00000000e-01    1.00000000e+00    0.00000000e+00   -8.00965557e-12    7.17063548e-74    0.00000000e+00
335      2.61657600e-07    0.00000000e+00   -8.01287656e-09    0.00000000e+00    1.00000000e-01    1.00000000e+00    0.00000000e+00   -8.01287656e-12   -7.17063548e-74    0.00000000e+00
336      2.62657600e-07    0.00000000e+00   -8.01440114e-09    0.00000000e+00    1.00000000e-01    1.00000000e+00    0.00000000e+00   -8.01440114e-12    7.17063548e-74    0.00000000e+00
337      2.63657600e-07    0.00000000e+00   -8.01762249e-09    0.00000000e+00    1.00000000e-01    1.00000000e+00    0.00000000e+00   -8.01762249e-12   -7.17063548e-74    0.00000000e+00
338      2.64657600e-07    0.00000000e+00   -8.01914951e-09    0.00000000e+00    1.00000000e-01    1.00000000e+00    0.00000000e+00   -8.01914951e-12    7.17063548e-74    0.00000000e+00
339      2.65657600e-07    0.00000000e+00   -8.02237124e-09    0.00000000e+00    1.00000000e-01    1.00000000e+00    0.00000000e+00   -8.02237124e-12   -7.17063548e-74    0.00000000e+00
340      2.66657600e-07    0.00000000e+00   -8.02390070e-09    0.00000000e+00    1.00000000e-01    1.00000000e+00    0.00000000e+00   -8.02390070e-12    7.17063548e-74    0.00000000e+00
341      2.67657600e-07    0.00000000e+00   -8.02712280e-09    0.00000000e+00    1.00000000e-01    1.00000000e+00    0.00000000e+00   -8.02712280e-12   -7.17063548e-74    0.00000000e+00
342      2.68657600e-07    0.00000000e+00   -8.02865471e-09    0.00000000e+00    1.00000000e-01    1.00000000e+00    0.00000000e+00   -8.02865471e-12    7.17063548e-74    0.00000000e+00
343      2.69657600e-07    0.00000000e+00   -8.03187718e-09    0.00000000e+00    1.00000000e-01    1.00000000e+00    0.00000000e+00   -8.03187718e-12   -7.17063548e-74    0.00000000e+00
344      2.70657600e-07    0.00000000e+00   -8.03341153e-09    0.00000000e+00    1.00000000e-01    1.00000000e+00    0.00000000e+00   -8.03341153e-12    7.17063548e-74    0.00000000e+00
345      2.71657600e-07    0.00000000e+00   -8.03663438e-09    0.00000000e+00    1.00000000e-01    1.00000000e+00    0.00000000e+00   -8.03663438e-12   -7.17063548e-74    0.00000000e+00
346      2.72657600e-07    0.00000000e+00   -8.03817117e-09    0.00000000e+00    1.00000000e-01    1.00000000e+00    0.00000000e+00   -8.03817117e-12    7.17063548e-74    0.00000000e+00
347      2.73657600e-07    0.00000000e+00   -8.04139440e-09    0.00000000e+00    1.00000000e-01    1.00000000e+00    0.00000000e+00   -8.04139440e-12   -7.17063548e-74    0.00000000e+00
348      2.74657600e-07    0.00000000e+00   -8.04293363e-09    0.00000000e+00    1.00000000e-01    1.00000000e+00    0.00000000e+00   -8.04293363e-12    7.17063548e-74    0.00000000e+00
349      2.75657600e-07    0.00000000e+00   -8.04615724e-09    0.00000000e+00    1.00000000e-01    1.00000000e+00    0.00000000e+00   -8.04615724e-12   -7.17063548e-74    0.00000000e+00
350      2.76657600e-07    0.00000000e+00   -8.04769892e-09    0.00000000e+00    1.00000000e-01    1.00000000e+00    0.00000000e+00   -8.04769892e-12    7.17063548e-74    0.00000000e+00
351      2.77657600e-07    0.00000000e+00   -8.05092291e-09    0.00000000e+00    1.00000000e-01    1.00000000e+00    0.00000000e+00   -8.05092291e-12   -7.17063548e-74    0.00000000e+00
352      2.78657600e-07    0.00000000e+00   -8.05246703e-09    0.00000000e+00    1.00000000e-01    1.00000000e+00    0.00000000e+00   -8.05246703e-12    7.17063548e-74    0.00000000e+00
353      2.79657600e-07    0.00000000e+00   -8.05569140e-09    0.00000000e+00    1.00000000e-01    1.00000000e+00    0.00000000e+00   -8.05569140e-12   -7.17063548e-74    0.00000000e+00
354      2.80657600e-07    0.00000000e+00   -8.05723796e-09    0.00000000e+00    1.00000000e-01    1.00000000e+00    0.00000000e+00   -8.05723796e-12    7.17063548e-74    0.00000000e+00
355      2.81657600e-07    0.00000000e+00   -8.06046272e-09    0.00000000e+00    1.00000000e-01    1.00000000e+00    0.00000000e+00   -8.06046272e-12   -7.17063548e-74    0.00000000e+00
356      2.82657600e-07    0.00000000e+00   -8.06201172e-09    0.00000000e+00    1.00000000e-01    1.00000000e+00    0.00000000e+00   -8.06201172e-12    7.17063548e-74    0.00000000e+00
357      2.83657600e-07    0.00000000e+00   -8.06523687e-09    0.00000000e+00    1.00000000e-01    1.00000000e+00    0.00000000e+00   -8.06523687e-12   -7.17063548e-74    0.00000000e+00
358      2.84657600e-07    0.00000000e+00   -8.06678831e-09    0.00000000e+00    1.00000000e-01    1.00000000e+00    0.00000000e+00   -8.06678831e-12    7.17063548e-74    0.00000000e+00
359      2.85657600e-07    0.00000000e+00   -8.07001385e-09    0.00000000e+00    1.00000000e-01    1.00000000e+00    0.00000000e+00   -8.07001385e-12   -7.17063548e-74    0.00000000e+00
360      2.86657600e-07    0.00000000e+00   -8.07156773e-09    0.00000000e+00    1.00000000e-01    1.00000000e+00    0.00000000e+00   -8.07156773e-12    7.17063548e-74    0.00000000e+00
361      2.87657600e-07    0.00000000e+00   -8.07479367e-09    0.00000000e+00    1.00000000e-01    1.00000000e+00    0.00000000e+00   -8.07479367e-12   -7.17063548e-74    0.00000000e+00
362      2.88657600e-07    0.00000000e+00   -8.07634999e-09    0.00000000e+00    1.00000000e-01    1.00000000e+00    0.00000000e+00   -8.07634999e-12    7.17063548e-74    0.00000000e+00
363      2.89657600e-07    0.00000000e+00   -8.07957632e-09    0.00000000e+00    1.00000000e-01    1.00000000e+00    0.00000000e+00   -8.07957632e-12   -7.17063548e-74    0.00000000e+00
364      2.90657600e-07    0.00000000e+00   -8.08113507e-09    0.00000000e+00    1.00000000e-01    1.00000000e+00    0.00000000e+00   -8.08113507e-12    7.17063548e-74    0.00000000e+00
365      2.91657600e-07    0.00000000e+00   -8.08436180e-09    0.00000000e+00    1.00000000e-01    1.00000000e+00    0.00000000e+00   -8.08436180e-12   -7.17063548e-74    0.00000000e+00
366      2.92657600e-07    0.00000000e+00   -8.08592300e-09    0.00000000e+00    1.00000000e-01    1.00000000e+00    0.00000000e+00   -8.08592300e-12    7.17063548e-74    0.00000000e+00
367      2.93657600e-07    0.00000000e+00   -8.08915012e-09    0.00000000e+00    1.00000000e-01    1.00000000e+00    0.00000000e+00   -8.08915012e-12   -7.17063548e-74    0.00000000e+00
368      2.94657600e-07    0.00000000e+00   -8.09071376e-09    0.00000000e+00    1.00000000e-01    1.00000000e+00    0.00000000e+00   -8.09071376e-12    7.17063548e-74    0.00000000e+00
369      2.95657600e-07    0.00000000e+00   -8.09394129e-09    0.00000000e+00    1.00000000e-01    1.00000000e+00    0.00000000e+00   -8.09394129e-12   -7.17063548e-74    0.00000000e+00
370      2.96657600e-07    0.00000000e+00   -8.09550736e-09    0.00000000e+00    1.00000000e-01    1.00000000e+00    0.00000000e+00   -8.09550736e-12    7.17063548e-74    0.00000000e+00
371      2.97657600e-07    0.00000000e+00   -8.09873529e-09    0.00000000e+00    1.00000000e-01    1.00000000e+00    0.00000000e+00   -8.09873529e-12   -7.17063548e-74    0.00000000e+00
372      2.98657600e-07    0.00000000e+00   -8.10030380e-09    0.00000000e+00    1.00000000e-01    1.00000000e+00    0.00000000e+00   -8.10030380e-12    7.17063548e-74    0.00000000e+00
373      2.99657600e-07    0.00000000e+00   -8.10353213e-09    0.00000000e+00    1.00000000e-01    1.00000000e+00    0.00000000e+00   -8.10353213e-12   -7.17063548e-74    0.00000000e+00
374      3.00000000e-07    0.00000000e+00   -8.10352542e-09    0.00000000e+00    1.00000000e-01    1.00000000e+00    0.00000000e+00   -8.10352542e-12    7.17063548e-74    0.00000000e+00
End of Xyce(TM) Simulation
